12391,12250,15960
12445,11965,16160
12693,11817,15962
12786,12055,15702
12767,12065,15502
12772,12093,15142
12554,12442,15093
12453,12561,15104
12462,12524,15252
12506,12458,15430
12551,12500,15654
12503,12411,16090
12593,12145,16164
12645,11961,16308
12715,12066,16103
12592,12223,15725
12679,12228,15343
12789,12415,14995
12721,12634,15021
12692,12522,15175
12558,12191,15434
12602,12118,15515
12479,12253,15705
12472,12190,15814
12298,12048,16049
12477,11475,16071
12848,11517,15890
12813,11889,15422
12718,12318,15128
12609,12489,15018
12502,12491,15071
12533,12476,15194
12547,12372,15386
12593,12336,15671
12552,12028,15947
12567,11967,15990
12479,12173,16382
12595,11839,16333
12451,11772,15938
12523,12218,15363
12564,12547,14928
12480,12657,15084
12613,12437,15172
12735,12524,15404
12820,12505,15503
12815,12507,15685
12891,12385,15767
12435,12208,15931
12359,11907,16159
12710,11915,16030
12884,11989,15615
12746,12240,15403
12757,12328,15163
12627,12613,15155
12497,12709,15294
12411,12514,15565
12675,12208,15712
12900,12364,15778
12656,12137,15937
12512,12156,16276
12579,11949,16057
12482,12138,16006
12711,12253,15621
12892,12391,15181
12806,12680,15008
12732,12680,15090
12679,12496,15315
12576,12326,15679
12630,12322,15893
12547,12408,16123
12477,12272,15928
12228,12428,15897
12307,12522,15770
12754,12362,15654
12816,12374,15417
12687,12487,15220
12598,12611,15224
12498,12513,15374
12650,12496,15437
12630,12613,15499
12570,12624,15753
12592,12188,16071
12544,12244,16361
12473,12431,16432
12900,12237,15797
12602,12578,15793
12645,12381,15532
12861,12484,15235
12776,12817,15281
12817,12557,15301
12786,12473,15344
12558,12644,15501
12582,12717,15615
12667,12541,15826
12586,12310,16121
12172,12017,16253
12237,11939,16109
12687,12144,15660
12778,12602,15390
12769,12748,15170
12844,12654,15135
12596,12724,15304
12561,12629,15470
12630,12501,15646
12744,12373,15816
12794,12116,16062
12792,11939,16204
12956,11983,15830
12455,12567,15758
12222,12654,15569
12484,12446,15266
12548,12650,15229
12628,12682,15361
12783,12538,15568
12743,12487,15666
12728,12445,15798
12609,12365,16044
12717,12240,15971
12439,12411,16116
12472,12256,15852
12687,12175,15724
12723,12077,15419
12720,12257,15167
12648,12602,15084
12518,12797,15183
12454,12749,15485
12621,12408,15641
12630,12368,15693
12462,12452,16101
12708,12148,16135
12647,12383,16331
12674,12263,16096
12594,12339,15765
12494,12449,15356
12482,12628,15030
12603,12850,14883
12574,12948,15145
12585,12598,15423
12637,12278,15681
12648,12164,15913
12601,11907,16050
12403,12286,16330
12538,12333,16097
12783,12455,15815
12652,12365,15627
12593,11988,15233
12666,12412,14859
12535,12741,14901
12571,12742,15206
12730,12675,15572
12781,12599,15869
12754,12395,16382
12813,12032,16301
12531,12362,16501
12549,12325,16136
12391,12471,15847
12482,12509,15359
12688,12618,14965
12820,12683,14834
12765,12712,14918
12723,12590,15081
12658,12494,15405
12494,12406,16039
12697,11877,16047
12398,12438,16231
12173,12222,16462
12881,11870,16132
13081,12121,15542
12720,12250,15193
12561,12375,14936
12453,12842,15011
12426,12910,15287
12504,12256,15663
12649,11918,15660
12448,12503,15960
12606,12323,16120
12688,12808,16508
12622,12043,16238
12306,11915,15977
12280,12246,15472
12446,12430,15094
12606,12595,14836
12520,12750,14887
12341,12619,15163
12309,12397,15508
12431,12346,15673
12476,12323,15864
12628,11829,15714
12114,12276,15963
12068,12179,15980
12635,12005,15841
12754,12307,15492
12612,12381,15198
12667,12408,15013
12581,12902,15205
12561,12888,15502
12613,12253,15777
12600,12212,15816
12438,12389,15986
12492,12235,16115
12415,12461,16477
12784,12053,16104
12770,12403,15826
12498,12447,15509
12545,12463,15201
12629,12730,15068
12630,12838,15148
12576,12740,15384
12526,12600,15525
12587,12579,15577
12587,12557,15715
12586,12487,15827
12557,12597,15942
12392,12632,16434
12895,12024,15919
13019,12399,15537
12764,12765,15437
12792,12602,15342
12562,12762,15580
12476,12363,15561
12382,12019,15565
12263,12207,15628
12483,12262,15608
12566,12517,15713
12567,12600,15800
12427,12589,16244
12797,11990,15801
12566,12592,15858
12488,12528,15644
12716,12440,15431
12728,12655,15298
12632,12776,15278
12655,12718,15460
12613,12501,15635
12482,12373,15780
12488,12297,15898
12570,12239,15857
12363,12466,16019
12472,12004,15974
12770,11967,15619
12629,12518,15399
12603,12527,15370
12739,12424,15286
12532,12661,15338
12505,12571,15420
12492,12528,15600
12503,12335,15652
12429,12413,15792
12431,12360,16059
12657,12172,15856
12260,12428,16090
12501,12050,15844
12561,12382,15785
12696,12404,15573
12801,12422,15305
12773,12581,15054
12619,12663,15017
12418,12816,15303
12676,12382,15583
12648,12350,15839
12458,12456,15992
12428,12331,15979
12025,12508,16185
12126,12032,16068
12785,12033,15646
12806,12449,15384
12819,12351,15307
12847,12347,15202
12592,12536,15167
12394,12519,15327
12409,12470,15546
12599,12349,15570
12504,12600,15803
12545,12168,16044
12609,12225,16268
12580,11923,16105
12536,12276,16011
12657,12507,15882
12945,12406,15454
12903,12699,15079
12730,12840,15063
12626,12780,15249
12591,12632,15548
12467,12330,15737
12489,12361,15788
12526,12338,15787
12463,12592,15845
12246,12859,16223
12557,12351,15898
12771,12440,15581
12543,12680,15621
12708,12262,15401
12540,12521,15364
12466,12644,15347
12530,12583,15505
12602,12440,15711
12687,12334,15836
12586,12467,16012
12605,12423,16078
12740,12241,15982
12672,12489,15789
12432,12701,15803
12653,12477,15699
12788,12498,15404
12717,12738,15178
12587,12730,15214
12533,12606,15313
12553,12596,15420
12529,12556,15618
12549,12436,15873
12642,12284,15966
12540,12251,16122
12485,11835,16104
12689,12067,15745
12590,12526,15637
12777,12368,15406
12676,12418,15221
12336,12617,15307
12339,12414,15397
12468,12377,15477
12384,12219,15789
12557,12266,16038
12846,12420,15980
12618,12527,16010
12612,12079,15761
12466,12458,15742
12443,12362,15775
12762,12209,15431
12780,12673,15066
12645,12796,15029
12545,12638,15261
12493,12422,15508
12534,12266,15611
12458,12323,15681
12464,12201,15894
12651,12045,15752
12217,12289,15921
12290,12080,15847
12696,12100,15680
12763,12415,15568
12671,12391,15434
12806,12318,15164
12564,12506,15167
12457,12615,15337
12556,12497,15551
12673,12352,15731
12672,12351,15869
12572,12155,16222
12729,12156,16288
12582,12022,16135
12598,12049,15837
12473,12394,15667
12639,12330,15395
12816,12515,15029
12648,12857,14960
12499,12917,15087
12558,12705,15392
12686,12426,15767
12816,12282,15885
12784,12343,15977
12871,12321,15829
12515,12666,16003
12307,12578,16145
12848,11926,15863
12917,12072,15618
12907,12127,15431
13086,12176,15060
12679,12701,15084
12439,12714,15238
12459,12470,15448
12506,12406,15588
12459,12476,15752
12314,12351,16004
12390,12289,16218
12599,12136,16374
12971,12124,15990
12734,12491,15847
12734,12353,15609
12825,12409,15195
12673,12687,14961
12515,12814,14934
12397,12838,15239
12628,12470,15504
12612,12502,15824
12650,12361,15999
12799,12173,16051
12781,12407,16044
12214,12321,16285
12591,11870,15821
12851,12249,15542
12736,12367,15387
12735,12170,15188
12567,12461,15183
12436,12602,15199
12458,12624,15386
12482,12434,15547
12488,12393,15692
12445,12499,16010
12453,12187,16107
12354,12184,16368
12632,11898,15890
12549,12499,15681
12568,12584,15593
12803,12354,15513
12847,12392,15269
12699,12576,15111
12583,12649,15143
12507,12597,15290
12522,12525,15440
12459,12543,15768
12459,12299,16032
12548,12211,16124
12354,12200,16338
12741,12041,15956
12801,12235,15708
12773,12333,15419
12722,12380,15252
12617,12469,15150
12454,12644,15219
12285,12602,15461
12394,12293,15576
12554,12409,15653
12564,12617,15779
12548,12528,15942
12461,12414,16241
12305,12079,16348
12664,12363,16128
12870,12547,15715
12930,12579,15253
12791,12780,15046
12677,12816,15307
12584,12704,15618
12482,12708,15613
12513,12686,15524
12586,12683,15427
12400,12622,15625
12348,12475,15760
12062,12431,16289
12452,11938,15938
12769,12435,15724
12880,12568,15510
12874,12355,15389
12654,12555,15346
12489,12636,15411
12587,12641,15410
12508,12638,15533
12638,12444,15641
12661,12366,15923
12618,12021,16109
12535,12118,16119
12474,12055,16033
12677,12347,15804
12525,12737,15923
12688,12436,15785
12861,12396,15374
12780,12743,15124
12745,12881,15128
12541,12726,15506
12519,12268,15692
12532,12243,15892
12566,12179,15858
12370,12256,15797
11895,12582,16069
12490,12364,15698
12842,12477,15387
12572,12614,15390
12674,12415,15173
12588,12896,15127
12426,13169,15274
12603,12883,15501
12691,12505,15700
12743,12226,15556
12511,12281,15892
12604,11808,16113
12579,11792,16402
12928,11633,16002
12747,12109,15873
12661,12229,15677
12851,12185,15411
12879,12385,15141
12641,12539,15111
12539,12521,15225
12598,12358,15530
12732,12060,15678
12747,12075,15787
12717,11929,15753
12555,12038,15798
12381,12145,15914
12683,11999,15661
12772,12274,15500
12739,12234,15450
12743,12188,15239
12539,12537,15135
12455,12611,15202
12434,12512,15447
12464,12385,15630
12590,12083,15847
12449,11993,16011
12359,12162,15919
12313,12587,16101
12874,12034,15929
12885,12212,15834
12758,12271,15527
12770,12420,15296
12780,12555,15113
12706,12596,15205
12579,12481,15482
12601,12268,15682
12550,12240,15795
12534,12273,15687
12455,12405,15698
12354,12388,15592
12133,12444,16029
12641,11427,15758
13042,12050,15455
12873,12569,15309
12724,12214,15407
12490,12180,15408
12421,12213,15281
12453,12457,15265
12493,12472,15382
12492,12318,15585
12525,12181,15806
12563,11947,15948
12582,11976,15928
12473,12313,16107
12853,12115,15795
12741,12448,15872
12696,12142,15707
12853,12131,15235
12682,12539,14979
12473,12673,15046
12426,12459,15240
12435,12269,15508
12533,12226,15567
12538,12396,15804
12598,12251,15888
12452,12388,16095
12322,11978,16417
13034,11651,15790
12967,12470,15392
12809,12454,15229
12732,12299,15154
12494,12472,15252
12430,12454,15378
12517,12364,15555
12561,12150,15640
12586,12282,15582
12372,12398,15841
12514,12086,15950
12401,12337,16313
12830,11968,15799
12742,12444,15660
12564,12307,15577
12646,12169,15375
12690,12427,15119
12466,12620,15072
12369,12527,15242
12428,12426,15511
12578,12294,15602
12567,12392,15765
12596,12231,15819
12522,12404,16025
12367,12089,16081
12636,11842,15874
12673,12208,15524
12716,12089,15343
12899,11967,15138
12668,12312,15035
12420,12437,15160
12396,12413,15437
12531,12139,15665
12680,12303,15722
12633,12622,16046
12581,12030,16019
12315,11846,16093
12418,11888,15859
12479,11979,15647
12531,12116,15401
12591,12449,15107
12574,12712,15048
12507,12725,15228
12458,12380,15574
12691,11984,15622
12692,12373,15617
12547,12297,15765
12683,12147,15645
12317,12406,15701
12210,12225,15786
12669,11908,15504
12736,12271,15365
12706,12148,15379
12791,12257,15285
12494,12573,15332
12438,12489,15488
12565,12322,15685
12714,12245,15697
12503,12353,15935
12558,12063,16009
12474,12128,16308
12649,11548,15880
12577,12152,15791
12588,12284,15568
12752,12296,15307
12776,12569,15015
12550,12695,15028
12431,12535,15224
12487,12095,15460
12604,12142,15500
12490,12394,15746
12735,12136,15721
12320,12562,15951
12023,12274,16260
12739,11720,15697
12837,12326,15406
12728,12352,15318
12748,12230,15264
12574,12499,15227
12437,12577,15286
12453,12540,15482
12581,12354,15563
12607,12409,15526
12341,12350,15953
12318,12182,16262
12303,12251,16316
12520,12185,16073
12612,12202,15811
12678,12352,15511
12698,12405,15171
12592,12646,15043
12396,12683,15162
12429,12606,15376
12453,12525,15698
12568,12185,15862
12610,12236,15743
12617,12423,15610
12320,12618,15757
12187,12084,16022
12661,11612,15588
12685,12198,15375
12459,12224,15395
12611,12107,15291
12500,12566,15310
12476,12698,15340
12420,12504,15549
12461,12126,15592
12545,12207,15543
12381,12391,15811
12619,12100,15873
12633,12199,15941
12658,12202,15849
12519,12329,16037
12590,12059,15979
12866,12171,15440
12730,12684,15156
12548,12896,15212
12565,12689,15334
12678,12513,15533
12673,12375,15658
12625,12318,15813
12623,12143,15962
12499,12244,16044
12422,12100,16042
12870,11837,15652
13002,12140,15439
12823,12228,15306
12729,12069,15193
12625,12255,15191
12549,12388,15306
12591,12467,15401
12531,12264,15566
12580,12108,15657
12408,12128,15907
12372,12028,15973
12595,12364,15978
12696,12335,15838
12691,12509,15739
12566,12484,15757
12691,12256,15616
12777,12484,15289
12677,12747,15102
12542,12676,15188
12484,12545,15429
12502,12400,15641
12578,12314,15634
12528,12417,15642
12387,12454,15827
12268,12328,16411
12748,11696,16027
12950,11987,15598
12728,12308,15349
12597,12281,15223
12514,12272,15248
12435,12477,15315
12402,12456,15465
12421,12383,15637
12430,12274,15746
12506,12359,15724
12266,12508,15840
12317,12163,15827
12203,12310,16213
12608,11942,16049
12781,12357,15934
12764,12444,15728
12777,12327,15366
12554,12391,15057
12427,12661,15074
12550,12725,15251
12626,12643,15508
12703,12556,15617
12643,12610,15758
12572,12450,15834
12325,12408,15900
12003,12321,16276
12538,11683,15757
12727,12268,15400
12511,12531,15314
12605,12287,15317
12556,12532,15394
12524,12687,15394
12611,12626,15492
12581,12554,15660
12682,12323,15696
12435,12302,15901
12490,12218,16038
12468,12230,16177
12576,11978,15809
12275,12594,15876
12531,12381,15739
12848,12405,15497
12731,12560,15205
12530,12697,15164
12413,12824,15300
12469,12621,15542
12685,12409,15578
12583,12445,15750
12629,12215,15850
12232,12409,15919
11883,12113,16153
12659,11631,15607
12678,12519,15386
12545,12660,15330
12564,12364,15391
12462,12499,15414
12448,12580,15413
12524,12522,15483
12504,12468,15594
12542,12332,15676
12352,12355,15985
12457,12150,15987
12389,12581,16048
12465,12285,15825
12480,12427,15698
12375,12493,15710
12578,12237,15592
12724,12375,15276
12565,12598,15177
12408,12627,15304
12391,12477,15465
12476,12373,15570
12465,12397,15654
12442,12398,15766
12497,12421,15789
12264,12501,15974
12498,12194,15910
12731,12235,15743
12636,12289,15620
12612,12239,15508
12567,12285,15320
12451,12576,15200
12383,12714,15239
12501,12609,15430
12615,12274,15553
12428,12459,15587
12213,12516,15906
12414,12139,16052
12409,12415,16312
12674,12218,15952
12573,12498,15730
12412,12508,15714
12524,12265,15640
12646,12351,15351
12477,12576,15256
12319,12705,15461
12621,12767,15571
12742,12503,15535
12581,12595,15585
12508,12483,15669
12658,12603,15642
12353,12745,15943
12607,12249,15961
12903,12097,15744
12747,12290,15532
12644,12289,15359
12599,12413,15201
12418,12759,15223
12313,12741,15395
12410,12566,15677
12577,12350,15686
12506,12577,15847
12398,12477,16129
12464,12359,16370
12480,12099,16308
12739,12136,15830
12541,12530,15721
12637,12342,15613
12832,12463,15321
12719,12745,15100
12555,12875,15170
12528,12612,15529
12624,12318,15749
12739,12452,15688
12653,12558,15672
12616,12641,15681
12294,12692,16048
12561,11939,16093
13090,11998,15503
12667,12431,15309
12525,12156,15335
12678,12071,15241
12489,12491,15172
12357,12623,15260
12401,12490,15497
12499,12261,15657
12458,12396,15880
12344,12200,16136
12422,12108,16335
12530,11978,16215
12839,12229,15680
12550,12696,15677
12597,12392,15681
12782,12245,15499
12718,12517,15164
12525,12694,15075
12437,12665,15161
12465,12534,15346
12601,12374,15485
12546,12521,15777
12645,12225,15870
12405,12503,16152
12333,12066,16339
12917,11700,15841
12823,12284,15497
12583,12326,15314
12544,12201,15272
12495,12386,15241
12418,12551,15282
12471,12581,15356
12506,12485,15508
12572,12402,15670
12468,12416,15924
12577,12291,16040
12451,12311,16382
12902,12005,16045
12658,12368,15968
12676,12195,15640
12832,12449,15262
12711,12744,15056
12574,12776,15179
12515,12659,15397
12543,12601,15577
12593,12495,15676
12561,12607,15760
12522,12528,15793
12477,12638,15888
11966,12600,16538
12522,11456,15963
12831,12149,15611
12723,12620,15384
12863,12414,15326
12839,12514,15306
12610,12635,15341
12619,12634,15378
12612,12629,15488
12517,12459,15523
12307,12384,15681
12133,12167,15913
12374,12077,15934
12356,12331,16132
12766,12213,15809
12685,12567,15813
12578,12338,15736
12661,12367,15492
12619,12590,15245
12532,12638,15132
12437,12506,15213
12351,12244,15446
12396,12103,15528
12374,12204,15631
12400,12197,15664
12115,12509,15952
12129,11980,16206
12851,11449,15735
12807,12200,15349
12507,12467,15146
12349,12426,15184
12214,12514,15379
12279,12467,15525
12471,12442,15636
12441,12457,15610
12296,12244,15592
12140,12209,15899
12322,12201,15910
12420,12288,15840
12544,12263,15526
12258,12477,15654
12380,12197,15661
12546,12212,15450
12513,12654,15228
12551,12815,15175
12406,12747,15325
12240,12569,15460
12287,12440,15586
12292,12424,15725
12269,12294,15816
12253,12345,15917
12191,11956,15989
12491,11946,15882
12767,12023,15555
12640,12299,15349
12491,12466,15205
12383,12574,15271
12380,12609,15386
12658,12563,15423
12370,12504,15535
12156,12191,15521
11947,12004,15570
12399,11883,15816
12861,11813,16221
13255,12435,16315
12958,12588,15797
13292,12934,15702
13205,12761,15661
