12742,13240,15361
12719,13391,14918
12748,13252,14657
13099,13451,14889
13122,13511,15392
13122,13302,15988
12763,13435,16246
12709,13333,16067
12879,13404,16024
12884,13540,16314
12138,13755,16184
12136,13559,15964
12394,13662,15660
12547,13604,15401
12682,13492,15093
12904,13266,14886
13098,13194,14978
13199,13254,15255
13243,13327,15755
12955,13235,16127
12732,13256,16348
12756,12936,16163
12658,13356,16013
12688,13256,15458
12319,13011,15128
13195,13218,15811
11868,13775,15152
12839,13315,15056
12621,13632,15563
11843,14040,15221
12786,13535,15065
11856,14262,15459
11160,14495,15433
11508,14230,15764
10850,14124,15192
10816,14115,15189
10766,14304,15312
10611,13710,15066
10528,13882,14867
10949,14054,14561
11655,13745,14140
11293,13984,14467
11047,14359,14652
10916,14545,14451
10254,15243,14784
10287,14914,15016
10118,14331,14809
10156,14303,14607
10497,14180,14585
10644,13872,14514
10827,13724,14273
10946,13963,14179
11414,13587,13606
11576,13738,13745
11025,14077,14011
10540,14001,14090
9808,14183,14089
9818,14253,14140
9851,14227,14024
10429,14079,13756
10940,14135,13647
11040,14285,13908
10737,14377,14132
10864,14169,13975
11173,14035,13930
11003,14266,13964
11158,14423,13807
11020,15040,14040
10940,15138,13923
10837,14787,13927
10430,14824,14243
10029,14822,14485
10199,14266,14149
10549,14263,14143
10457,14587,14438
10324,14102,14267
10966,13978,13946
11440,13963,13591
11656,13814,13566
11347,13935,13816
10739,14023,13860
10132,13991,13825
9718,14167,13920
9760,14322,13913
9911,14319,13892
10428,14314,13733
11100,14137,13509
11217,14215,13694
10863,14415,14072
10571,14210,13985
10983,13881,13714
11011,13939,13651
11183,13879,13759
10617,14516,13653
10715,14758,13590
10653,14820,13433
10234,14679,13858
10309,14585,14131
10049,14617,14302
10177,14164,14263
10544,14101,14214
10156,14608,14548
10244,14088,14233
10938,13712,13780
11024,13857,13846
11336,13433,13699
11202,13670,13955
10694,13778,14085
10455,13543,13963
9830,13916,14174
9724,14110,14298
10077,14185,14175
10481,14164,13758
11280,13956,13706
11008,14055,13917
10602,14091,14188
10837,13830,13893
10641,13780,13766
10966,13713,13573
11157,13859,13546
10862,14571,13960
10776,14574,13861
10394,14383,14030
9942,14310,14204
9693,14254,14153
9733,14512,14129
10417,14279,13971
10676,13883,13894
10131,13904,14074
10554,14041,14043
10858,13643,13547
11202,13784,13731
11326,14025,13980
11275,13832,14057
10534,13827,14087
9787,14056,14092
9770,14030,13826
9814,13943,13831
9959,14237,13705
10894,14102,13398
11406,13993,13375
11007,14153,13724
10653,14326,14100
10378,14189,13957
10682,13985,13544
11151,13978,13515
11295,14157,13577
11154,14483,13848
10939,14420,13997
10217,14398,14070
10312,14431,14061
10210,14348,13927
10134,14500,14064
10173,14652,13964
10507,14215,13815
10464,14329,13886
10339,14471,14005
10605,13880,13785
10813,13842,13855
10923,13811,13868
10889,14041,13668
11266,14237,13847
10934,13926,13713
10406,13856,13795
10194,14120,13789
9519,14414,13619
9729,14405,13452
10277,14383,13221
10814,14319,12709
11538,13931,13026
11091,14060,13487
10496,14542,13948
10430,14210,13856
10809,13760,13403
10938,13611,13318
10691,14043,13573
10823,14288,13610
10911,14052,13427
10592,14341,13681
10580,14180,13942
9699,14437,14042
9779,14587,14107
10075,14463,13808
10512,14209,13696
10634,14056,13789
10416,14065,13937
10470,13842,13975
10801,13924,13914
10749,14020,13714
11137,13950,13741
10954,14117,13784
10678,14001,13697
10396,14082,13617
10147,14305,13661
9872,14289,13536
9991,14285,13466
10449,14416,13391
10854,14279,13235
11212,14252,13465
10721,14339,13742
10126,14292,13780
10655,13809,13519
11034,13947,13379
11220,14088,13440
11094,14587,13719
10677,14482,13569
10758,14292,13484
10616,14351,13593
10271,14494,13726
10316,14548,13855
10221,14363,13804
10049,14405,13901
10233,14466,13826
10535,14209,13664
10345,14103,13727
10363,14157,13812
10834,14041,13616
11066,13963,13451
11074,14051,13583
10907,14138,13591
10798,14143,13576
10554,14279,13643
10154,14312,13667
10144,14370,13688
10109,14390,13665
10312,14332,13642
10701,14254,13473
11054,14236,13382
11044,14342,13548
10434,14419,13629
10332,14207,13528
10944,13957,13318
11136,14066,13200
11142,14263,13376
10900,14689,13605
10841,14683,13525
10735,14703,13519
10433,14833,13669
10008,14741,13660
9674,14776,13718
9931,14673,13614
10598,14324,13418
10901,14185,13384
10758,14263,13630
10421,14342,13747
10692,14144,13606
11057,14073,13532
11062,14102,13518
11118,14205,13615
10769,14291,13682
10553,14328,13737
10422,14403,13724
10197,14529,13645
10396,14635,13749
10401,14692,13641
10938,14523,13473
11134,14567,13462
10788,14600,13548
10773,14505,13678
11048,14409,13543
11429,14461,13504
11521,14894,13655
11488,15018,13753
11374,14941,13821
11206,14876,13927
10774,14783,14147
10276,14812,14346
9899,14704,14175
10331,14520,13974
10779,14656,14026
10737,14736,14369
10730,14719,14399
11069,14442,14191
11352,14244,14035
11291,14388,13976
11442,14542,14161
11191,14536,13997
11099,14494,14088
10776,14765,14098
10503,14839,13992
10845,14871,13758
10999,14830,13779
10771,14865,13783
11287,14681,13675
11353,14577,13715
11065,14682,13936
10979,14713,13680
11071,15035,13834
11420,14738,13659
11645,14411,13578
11715,14374,13692
11705,14759,13970
11326,15275,14061
11149,15496,13996
10832,15678,13940
10165,15478,13988
10184,14966,13812
11075,14745,13922
11055,14515,14273
10753,14424,14487
11339,14319,14421
11356,14403,14505
11174,14628,14565
11224,14514,14489
11124,14600,14531
10910,14472,14427
10840,14628,14619
10527,14718,14690
10763,14894,14814
10710,15222,14780
11379,15014,14585
11837,14622,14693
11337,14482,14920
11801,14664,15086
12102,13903,15093
12153,13859,15119
12364,13845,14964
12339,14009,14983
12388,14132,15091
12074,14405,15298
12000,14257,15505
11892,14445,15666
11995,14216,15727
11808,13996,15616
12367,13597,15497
12435,13475,15535
12223,13654,15526
12397,13647,15313
12733,13650,15310
12594,13549,15198
12595,13701,15478
12500,13825,15624
12232,13711,15749
12163,14068,16155
11962,13929,16105
12192,14160,16135
11919,13834,15703
12214,13554,15391
12344,13618,15314
12303,13941,15390
12425,13827,15188
12614,13541,15105
12799,13880,15334
12669,13488,15497
12377,13452,15770
12263,13406,15861
12295,13426,15857
12257,13604,15991
12148,13639,15894
12322,13304,15823
12025,13675,15807
12022,13552,15654
12225,13322,15664
12033,13700,15809
11975,13899,15717
12200,13586,15392
12466,13828,15328
12704,13767,15314
12614,13818,15427
12598,13961,15642
12495,13890,15697
12098,13831,15753
11992,13968,15858
11952,14131,15955
11632,14082,15631
12071,13844,15368
12320,13807,15232
12376,13966,15352
12334,14040,15360
12394,13753,15220
12652,13662,15362
12546,13749,15482
12667,13674,15619
12623,13774,16002
12170,13754,16153
12216,13527,16299
11827,13918,16250
11758,13824,15832
12163,13555,15452
12437,13535,15461
12191,13670,15448
12278,13586,15321
12482,13633,15315
12424,13626,15262
12565,13647,15347
12462,13769,15479
12383,13767,15602
12168,13974,15734
12134,13963,15979
12058,14323,16246
11552,14340,15810
12334,13728,15420
12482,13724,15350
12378,13967,15523
12259,13994,15457
12293,13827,15230
12550,13792,15255
12550,13920,15381
12673,14041,15503
12640,14039,15563
12694,13940,15611
12636,13800,15679
12287,13530,15679
12608,13688,16006
12219,14267,16203
12205,13805,16195
11846,13654,15861
12433,13416,15659
12549,13492,15574
12424,13540,15481
12554,13500,15383
12509,13576,15325
12620,13670,15327
12847,13691,15443
12732,13816,15625
12678,13888,15757
12650,14043,15607
12996,14101,15633
12860,14007,15742
12859,13808,15807
12651,13733,15815
12245,13393,15706
12176,13488,15767
12003,13755,15753
12254,13790,15809
12051,13943,15618
12362,13861,15419
12488,13949,15122
12620,13969,14945
12839,13902,14880
12693,13939,14808
12811,14136,15139
12524,14491,15214
12429,14163,15259
12227,14803,15250
11775,15395,15334
12034,14734,14789
11888,14844,14892
11308,14758,14739
11276,14514,14584
11236,14510,14510
10762,14771,14688
10669,14893,14433
11035,14756,14083
11418,14524,14055
11016,14531,14136
10645,14475,14133
10743,14282,14050
10308,14487,14195
9814,14468,14389
10038,14373,14240
10075,14222,14172
10737,13954,13915
11414,13907,13906
11055,14164,13897
10492,14240,14101
10550,14146,13919
10861,13688,13686
11188,13485,13455
11266,14282,13946
11306,14346,13996
10895,14296,13938
10628,14737,14054
10450,15155,14278
9982,14944,14029
10057,14876,14235
10153,14667,14166
10291,14470,14122
10286,14494,14246
10441,14272,14101
10948,13918,13790
11054,13887,13683
11176,13881,13642
11147,13927,13691
10917,13996,13641
10527,13945,13709
10454,14092,13726
10217,14375,13761
10242,14364,13835
10435,14295,13736
10833,14150,13750
10622,14254,13876
10201,14519,14012
10381,14237,13875
10799,13947,13596
11043,13991,13487
11229,14369,13736
11001,14575,13678
10768,14675,13770
10583,14760,13866
10298,14735,14074
9830,14404,14102
9552,14394,14351
9933,14399,14261
10500,13865,14061
10355,14050,14275
10088,14185,14347
10718,13715,13988
11079,13483,13646
10986,13815,13799
10938,14121,13898
10748,14012,13596
10403,13898,13714
10003,13932,13752
10190,14009,13744
10235,14282,13809
10557,14578,13728
11074,14386,13686
11083,14117,13849
10377,14416,14550
10142,14436,14243
10821,14033,13582
10961,14077,13670
11070,14195,13767
11035,14266,13915
10988,14239,13857
10656,14473,14233
10241,14438,14563
9731,14424,14727
9541,14462,14788
9988,13807,14372
10480,13840,14381
10455,13975,14482
10564,13824,14277
11142,13657,14005
11055,13746,13912
11095,13758,13926
10701,14059,14000
10509,13837,13813
10279,13865,13749
10095,14065,13765
10322,14011,13726
10244,14162,13811
10537,14459,13791
11073,14426,13636
11081,14574,13744
10639,14734,13916
10527,14269,13848
10945,13993,13746
11060,14499,14096
11399,14249,14171
11052,14314,14244
11108,14854,14528
10736,14563,14533
10308,14516,14718
9564,14748,14779
10079,14115,14443
10494,14154,14060
10755,14131,14130
10578,13808,14088
10218,14638,14461
10762,13973,13941
11142,13643,13590
11198,13929,13821
11017,14065,14020
10868,13767,13755
10315,13833,13891
10272,14027,13999
10062,14165,14053
10047,14245,14084
10657,14323,13817
11194,14215,13630
11067,14288,13916
10651,14343,14087
10392,14172,14029
10745,14000,13919
11005,14152,13982
11204,14113,14096
11013,14333,14271
10811,14494,14417
10434,14472,14553
10143,14229,14548
10204,14071,14403
10128,13963,14482
10026,14241,14444
10756,13710,14247
10724,13446,14306
10211,13940,14534
10759,13729,14162
11049,13643,13910
10940,13829,14143
10692,13801,14214
10397,13675,14105
10377,13649,13974
10112,13938,14060
10045,14097,14083
10277,13923,13895
10764,14071,13670
11278,14130,13713
11263,13815,13767
10397,14292,14290
10566,14297,14179
10329,13720,13903
10553,13948,13747
10928,14023,13764
10629,14043,13844
10608,14363,13978
10611,14279,14141
10556,14051,14197
10110,14232,14417
9794,14114,14344
10019,13853,14004
10493,13916,13933
10707,13889,14205
10278,13773,14247
10381,14013,14258
10871,13926,14166
10805,13688,14042
10643,13642,14110
10589,14099,14297
10234,13859,14045
10309,13503,13894
9858,13749,13930
9828,13848,13799
10399,13841,13471
10584,14245,13290
10826,13771,13185
10363,14014,13420
10682,14696,13712
9982,14005,14013
9377,15484,15298
10905,13843,14749
10153,13927,14274
10849,12487,14627
11192,12141,14976
12075,12635,15751
13085,12014,13706
12392,12038,15434
13261,12064,15674
12647,12042,15275
13119,11670,14820
12567,12359,15797
12433,12096,15277
12928,11732,14616
12305,11334,14359
12212,11672,15256
