12944,13234,16837
12890,13236,16053
12721,13217,15523
12821,13179,16020
12907,13336,15367
12626,13381,15111
12795,13513,15001
12773,13586,15324
13010,13758,15517
13045,13833,15994
12957,13986,15883
12668,13813,16319
12801,13868,16292
12798,13804,15699
12400,13793,15594
12595,13656,15821
12607,13457,15555
12660,13494,15312
12743,13602,15248
12691,13706,15418
12680,13708,15831
12748,13899,15773
12499,13679,16205
12654,13699,16391
12981,13521,15951
12260,13614,15552
12359,13487,16088
12648,13414,15890
12852,13639,14994
12863,13671,15060
12911,13619,15207
13208,13739,16077
13472,13939,15536
12659,13872,16144
12565,13909,15812
12796,13763,16509
12814,13696,15456
12804,13754,15651
12769,13377,16010
12954,13483,15368
12599,13440,15496
13010,13492,15313
13244,13499,15689
13108,13583,15820
12811,13573,15922
13395,13433,16195
12835,13513,16573
13078,13123,15948
12902,13165,15757
13088,12982,15825
13108,13095,15307
12888,13113,15524
12916,13420,15239
12991,13503,15528
13207,13419,15551
13261,13608,15736
13068,13568,16041
13068,13536,16106
12943,13502,16321
12651,13391,15757
12609,13600,15173
12613,13506,15653
12382,13304,15851
12463,13246,15601
13002,13307,15522
13004,13397,15579
12880,13407,15790
13118,13305,15985
13350,13191,16251
12976,13160,15913
13346,13352,17367
12923,12686,15828
12577,12836,15291
13880,12922,15743
13110,12802,15550
13024,13087,15396
13248,13229,15224
13414,13214,15433
13271,13202,15652
13651,13330,15606
13530,13241,16132
13172,13263,16136
13096,13085,16541
13035,13345,15915
13294,13232,15613
13200,13386,15624
13256,13262,15214
13568,13160,15141
13513,13172,15455
13480,13304,15439
13621,13113,15761
13389,13369,15903
13339,13356,16169
13177,13092,16527
13320,12926,15758
13312,12853,15695
13347,12843,15690
13214,13002,15610
13322,13021,15093
13480,12982,15293
13438,12984,15474
13524,12951,15666
13647,13044,16063
13371,13215,16295
13632,13070,16302
12976,13329,16240
13304,13219,15590
13153,13264,15838
13005,13449,15665
13179,13152,15456
13262,13313,15169
13172,13182,15516
13194,13412,15627
13360,13219,15787
13256,13407,16055
13204,13186,16133
13050,13270,16312
12834,12916,15910
13042,12814,15592
13010,12995,15814
12719,13140,15802
12781,13169,15528
13196,13220,15334
13227,13284,15484
13342,13524,15616
13367,13676,15626
13475,13877,15834
13440,13974,15968
13282,14093,15903
13124,14114,15565
13364,14399,15357
13283,14200,15623
13428,13957,15230
13554,13669,15068
13645,13734,15137
13692,14141,15135
13749,14002,15344
13804,13857,15433
13738,14201,15812
13532,14385,16435
13170,13618,15859
13364,13538,15905
13124,13576,15672
12924,13562,15720
12994,13461,15106
13282,13562,15282
13055,13482,15352
13201,13910,15480
13124,13651,16017
13034,13774,15857
12955,13584,16385
12526,13645,16102
12599,13418,15737
12622,13428,15818
12646,13400,15587
12819,13436,15407
12861,13496,15378
13075,13291,15573
12886,13256,15845
13099,13200,15934
12777,13176,16131
12980,13004,16290
12336,12971,16363
12629,12481,15743
12973,12926,15512
12722,12530,15880
12576,12810,15622
12660,12839,15349
12807,13015,15395
12965,12736,15529
12934,12485,15588
12401,12672,16081
12763,12822,16078
12226,12118,15896
12432,12639,15834
12416,12707,15984
12441,12449,15725
12689,12785,15414
12878,12658,15383
12724,12759,15476
12997,12645,15280
12963,12517,15761
12832,12415,15896
12865,12361,15879
12800,12268,16097
12639,12296,15864
12844,12511,15728
12734,12341,15691
12585,12469,15544
12892,12679,15255
13063,12827,15190
13199,12851,15404
13141,12588,15806
13070,12860,15932
13040,12508,15878
13008,12628,16285
12646,12591,16035
12857,12740,15603
13083,12426,15664
12948,12699,15671
12963,12716,15362
13192,12672,15259
13071,12691,15431
13044,12675,15523
13131,12704,15776
13020,12381,16158
12882,12504,16390
12704,12119,16331
12666,12216,15759
13091,12192,15430
13043,12353,15496
12800,12495,15297
13003,12519,15033
13190,12673,15051
13294,12628,15291
13041,12596,15678
13209,12573,15957
12894,12429,16290
12916,12460,16383
12292,12293,16220
12946,12430,15585
12902,12429,15719
12521,12436,15476
12913,12481,15217
12980,12502,15435
12851,12722,15299
13130,12724,15461
13075,12438,15853
13030,12186,16167
12690,12227,16294
12725,12154,15923
12820,12040,15612
12874,12033,15537
12728,12356,15532
12865,12513,15184
13016,12595,15142
13066,12610,15241
13076,12633,15659
13024,12519,15730
13046,12595,16013
12693,12482,16167
12844,12287,16193
12455,12431,15877
12952,12377,15722
12608,12413,15564
12859,12546,15380
13006,12464,15241
13029,12484,15285
13058,12576,15544
13207,12599,15488
13218,12343,16022
12857,12321,16192
12945,12273,16248
12742,12241,15672
13098,12197,15601
12763,12252,15863
12735,12588,15466
12908,12666,15322
13156,12811,15107
13225,12661,15301
13245,12769,15626
13157,12642,15766
13076,12629,16098
12888,12640,16102
12879,12348,16286
12668,12570,15707
13124,12593,15758
12591,12591,15851
12902,12562,15325
13023,12501,15360
13084,12574,15207
13144,12637,15415
13186,12719,15660
13179,12473,15984
12684,12220,16402
12857,12353,16282
12604,12120,15830
13040,12254,15574
12739,12233,15876
12728,12553,15462
12973,12635,15053
13076,12753,14938
13239,12772,15212
13113,12748,15600
13148,12842,16008
12769,12810,16268
12894,12774,16491
12442,12512,15932
12953,12465,15745
12773,12383,15846
12655,12636,15599
12877,12487,15207
13076,12584,15039
13011,12372,15350
13041,12572,15432
13232,12285,15674
13105,12095,16066
12505,11967,16337
12679,12229,15763
13119,12008,15557
12789,11899,15579
12737,12052,15483
12722,12358,15279
12976,12396,15110
13133,12433,15443
13068,12245,15592
13113,12442,16006
12719,12288,15993
12633,12424,16558
12492,12449,16094
12577,12622,15783
12678,12606,15597
12871,12599,15208
12917,12595,15214
13100,12965,15109
13115,12921,15062
13209,12791,15541
13206,12725,15905
13144,12455,16484
12915,12189,16843
12645,12413,15893
12778,12365,15891
12758,12440,15770
12632,12492,15467
12792,12822,14999
12956,12795,15076
12828,12676,15509
12912,12660,15584
12916,12535,15953
12760,12710,16183
12912,12452,15914
12564,12260,16278
12636,12171,15683
12847,12288,15732
12576,12583,15541
12969,12705,15289
13088,12582,15271
12811,12471,15504
13006,12323,15524
12992,12408,15728
13216,12776,15922
12709,11939,16175
12869,12321,15800
12933,12290,15780
12995,12039,15721
12801,12374,15526
13077,12711,15022
13188,12540,15454
12978,12730,15396
13275,12970,15490
13270,12904,15687
13244,12696,16216
12840,12781,16389
12602,12999,16252
12785,12835,15360
12937,12832,16226
12351,12655,16011
12939,12713,15292
13072,12709,15253
13008,13156,15304
13384,12984,15276
13177,12989,15629
12938,12842,15930
12872,12610,16374
12443,12725,16573
12067,12605,16494
12172,12837,15601
12419,12542,15682
12408,12617,15482
12400,12761,15368
12504,12942,15188
12562,12801,15049
12699,12908,15296
12649,12881,15683
12763,13111,15734
12336,12795,16272
12258,13009,16479
11864,12927,16337
12095,13267,15528
12254,13109,15604
12403,13078,15475
12383,12955,15150
12618,12669,15322
12778,13004,15193
12584,13130,15467
12753,13021,15702
12745,12994,16540
12206,12490,16595
12564,12818,16384
12690,12819,15383
13137,12743,15451
13084,12690,15640
12654,12890,15637
12882,13151,15038
13257,13057,15252
12884,13190,15522
12788,13160,15640
12814,13345,16080
12517,13294,16685
12158,13415,16793
11877,13164,16327
11785,13052,15311
12049,13283,15747
11990,13278,15012
11728,13045,15023
11939,13297,14981
11902,13039,14923
12267,13375,15022
11373,13102,15077
11199,13126,15459
10816,13059,15794
10605,12479,15585
10482,12419,15265
10879,12707,14890
10949,12664,14949
11340,12879,14590
11394,13230,13950
11187,13280,14278
11073,13450,13888
10740,13417,14365
10682,13725,13988
9909,13496,14137
9340,12953,14110
9654,12736,13919
10135,12957,13425
10140,12554,14944
10305,12743,13789
10522,12607,13954
11968,12916,14754
12102,12975,14815
12103,12850,15433
12790,13237,15647
12587,12871,15900
12239,12799,15690
11891,12463,16901
12168,12725,15608
11892,12623,15791
12654,12845,15847
12707,12800,15534
12526,12910,15123
12669,12880,15353
12969,13065,15729
12641,13091,15402
12692,13248,15444
13177,13361,16764
12438,12858,16331
12491,12625,16298
12433,12845,15716
12454,12792,15961
12541,13086,15469
12556,13059,15819
13156,13171,15112
13035,13109,15488
12806,13565,15985
13195,13300,15646
12998,13402,16222
13214,13067,16559
12807,13042,16693
12938,12892,15344
13208,13038,15464
13225,12956,15666
13311,13346,15450
13453,13238,15132
13072,13229,15798
13124,13076,15294
13172,13064,16135
12532,13379,15943
12758,13179,16272
12404,13189,17055
11843,12926,15810
12292,13182,15525
12505,12991,15871
12401,13123,15236
12679,13067,15286
12624,13046,14988
12870,13192,15199
12898,13355,15602
12791,13102,16158
12389,13096,16570
11971,13112,16700
11874,12918,16495
12212,12656,15356
12329,12609,15087
11997,12807,15437
12378,13126,15099
12085,13232,14924
12135,13415,14867
12278,13487,15218
12110,13520,15406
12013,13828,15280
11369,13381,16293
12066,13411,15695
11566,12869,16135
11529,13181,15019
11665,12703,16094
12306,12823,14981
12306,12720,15067
12344,12623,15061
12263,12400,15042
12280,12145,15781
12379,12118,15144
11841,11825,16114
12472,11863,15725
12202,11764,15863
12066,11763,15424
12409,11766,15404
12352,11710,15245
12382,11839,15494
12024,12066,15581
12182,11974,16039
12427,11980,15837
12233,12002,16014
12283,12246,16030
11986,11967,15938
12178,12226,16605
12133,12118,15181
12064,11941,15420
12244,11990,15451
12230,12144,15286
12404,12248,15152
12304,12100,15352
12451,12081,15508
12325,12065,15506
12451,12363,15625
12283,12313,15696
12355,12664,16219
12185,12550,15698
11911,12554,15428
12100,12604,15832
12885,13072,15033
12241,12879,15370
12273,13209,14967
12262,13162,15505
12259,13362,15245
12049,13352,15609
12344,13307,15492
11535,12757,16931
11986,13001,15823
12208,12892,15960
11895,12715,16036
12381,12969,15418
12457,12949,15011
12336,12932,14871
12602,12944,15442
12565,12870,15671
12250,12756,15799
12126,12865,15697
12024,12605,16938
12175,12276,16357
12214,12336,15413
12247,12484,15592
12590,12738,15467
12513,12932,15268
12124,13030,15284
12019,13382,15113
12150,13775,14958
11559,13781,16081
12551,13815,16063
12319,13386,16250
11846,12949,16096
12204,12980,15603
12188,12870,15841
12404,13037,15239
12674,12960,15756
12390,13043,15204
12617,13105,15414
12530,13110,15574
12650,13005,16358
12515,13036,15583
12347,12657,17395
12410,12880,15301
12205,12726,15374
12617,12898,14847
12617,12839,15523
12289,12762,15061
11499,12890,15430
11888,13143,15253
12030,13280,15718
11781,13101,15792
11824,13031,16008
11716,12857,16180
11887,12924,15715
11766,12781,15664
11715,12461,15975
12663,12861,15334
12405,12872,15039
12134,12805,14896
12214,12723,15418
12241,12526,15462
12504,12400,16045
12250,12196,15852
11888,12163,16493
12225,12458,15633
12037,12344,15722
11985,12100,15878
12404,12569,15122
11987,12810,14882
12144,12966,15333
12010,12965,15505
11898,13089,15745
11713,12857,16447
12020,12922,16128
12054,12922,16271
12335,12821,15749
12524,12988,15544
12314,12631,16093
12647,12906,15145
12574,13004,15032
12532,12992,15252
12574,12900,15626
12531,12907,15554
12331,12594,16279
12537,12857,16223
12162,12897,15970
12634,13085,16252
12504,13038,15503
12453,12942,15730
13115,13269,14842
12717,13303,14815
12786,13438,15078
12618,13287,15817
12648,13659,16740
12094,13844,16010
11928,13715,16182
12544,13507,16778
11974,13508,15669
11856,13607,15376
11802,13264,15845
12533,13278,15576
12531,13298,15109
12286,13068,14983
12582,13242,14820
12353,13172,15594
12336,13089,15620
12314,12943,16074
12085,12995,15885
12075,12760,16600
11685,12624,16223
11996,12788,15926
12340,13079,15123
12484,13170,15183
12766,13430,15042
12522,13417,15276
12307,13619,15223
12354,13546,15954
12047,13287,16248
12111,13103,16437
12131,13105,15782
11761,12689,16281
11965,12471,16593
12630,12624,15827
12480,12737,15291
12535,12699,15036
12697,12666,15391
12913,12714,15337
12443,12538,15698
12357,12686,15744
12221,12701,16098
11959,12767,15080
11552,12290,16253
11974,12631,15954
11807,12850,15392
11976,13208,14995
12095,13355,14921
11895,13520,15200
11673,13529,15604
11690,13656,15236
10988,13482,15557
10928,13284,15403
10523,13060,15524
11008,13232,14744
10738,13012,15477
11306,12959,15628
11136,12935,14979
11769,13197,14871
11547,13082,14949
12046,13022,15146
10590,12625,14657
11215,13006,15074
10674,12791,15509
10201,12419,15561
10689,12631,14434
11309,12616,15047
10647,12411,14839
11195,12757,14475
11464,13054,14035
11104,13071,14415
11137,13316,14708
10780,13308,14569
10314,13141,15212
10203,13001,14289
10031,12737,14708
10421,12923,14358
10603,12711,14792
10640,12584,14888
11245,12929,14299
11232,12967,14282
11352,13069,14148
11098,12975,14769
10834,12926,15058
10351,12620,15307
10491,12858,14905
10022,12505,14987
10133,12712,14589
10661,12634,14794
11066,12756,14444
11558,13012,14444
11609,13184,13965
11218,13156,14594
11122,13172,14440
10699,13241,15071
11080,13372,15336
10456,13048,15020
10464,12812,15226
10880,12964,15216
10726,12709,15245
10850,12704,15304
11326,12758,14806
11475,12861,14670
11497,13011,14518
10936,12694,15035
11379,12932,15138
10912,12470,14893
10746,12440,14953
10208,11842,14909
10571,12062,14875
10824,11959,14870
10648,12037,14365
11244,12482,14139
11372,12802,14030
11405,12915,14407
10957,13039,14123
10243,12898,14537
10397,12848,14694
10368,12548,14892
10217,12481,14376
10849,12902,14202
10722,12291,15085
11762,12687,14773
12101,12673,15502
12043,12591,15084
11892,12370,15124
11722,12166,15860
11810,11984,16232
11159,11990,15274
10577,11746,15777
10378,11661,14920
10800,12000,14437
11189,12036,14895
11152,12508,14063
11300,12690,14480
11121,12819,14488
11384,12994,14495
10843,12979,14889
11110,13191,14664
10497,12689,15939
12006,13069,15756
11338,12785,14784
11866,12523,16771
11761,12534,15702
11982,12920,15074
12637,13054,16007
11225,12711,14648
11520,12543,15432
11508,12128,15334
11306,12081,15228
11519,12228,15093
10894,12100,15260
11329,12286,15191
10772,11880,15362
11408,12641,14469
11761,13029,14248
11222,12987,15210
11162,13322,14157
11325,13364,15728
12333,13972,14675
11433,13442,15189
11821,13104,16053
11951,12936,16177
11663,12947,15665
11881,12857,15766
11967,12627,15820
12177,12799,14974
12349,12890,15152
12426,12874,15147
12388,12646,15792
12614,12513,16285
12458,11943,16175
11677,11943,15915
11453,11865,15947
11241,11857,15420
11562,12094,15726
11999,12559,14855
12080,12818,14638
12276,12908,14763
11830,13162,15005
11910,13120,15614
11394,13122,15692
10913,12969,15812
11912,13097,15457
10856,12551,16054
11435,12807,15621
11600,12458,15741
11761,12453,15459
12228,12798,14994
12276,12746,15234
12003,12657,15061
12149,12512,15668
11877,12386,15359
11872,12266,15714
11305,12260,15444
11456,12277,15399
11044,11990,15455
11192,12254,15692
11802,12716,14895
11810,12952,14714
12120,13145,15086
11774,13220,14976
11653,13260,15402
11092,13251,15135
10943,13033,15364
11173,13057,15609
10944,12888,15989
11383,13020,15298
11148,12477,16137
11563,12583,15379
11714,12662,15113
11870,12860,14946
12438,13084,14997
12259,12882,15114
11629,12410,15528
12028,12444,15634
11414,12243,15999
11218,12427,15642
11322,12392,15395
11805,12430,15439
11840,12400,15495
12123,12904,14611
11965,12966,14978
12112,13300,14623
11557,13113,15265
11720,13315,15288
11511,12894,15983
11038,12622,16007
10830,12442,16411
11038,12773,15376
11364,12490,16092
11728,12327,15841
12149,12469,15112
12137,12532,14810
12315,12525,14927
12667,12479,15204
12263,12002,15734
12333,12189,15143
11999,12062,15782
11729,12083,16027
11580,11961,15842
11747,12081,15524
12190,12187,15702
12328,12527,14564
11854,12573,14622
12990,12873,14822
12255,12386,15491
13049,12877,15143
12895,12301,16451
12961,12325,15985
13008,11974,16531
12778,11968,15893
13213,11819,16349
13055,11881,15750
12587,12157,15395
12943,12478,14947
12560,12095,15265
12681,12131,14947
12095,11959,15010
11595,11666,14455
11184,11467,15517
11319,11241,15677
11091,11288,14893
11536,11469,15353
12048,11904,14679
11819,12060,14295
11989,12422,14248
11881,12176,14689
11557,12069,14715
11508,11988,15313
11660,11927,15359
11580,11331,16048
11436,11440,15850
11358,11335,15534
11826,11408,15796
12407,11763,15571
12285,12072,14972
12116,12109,14824
12286,12052,14665
12127,11673,15339
12417,11632,15053
12008,11797,15423
12257,11872,15365
12111,11717,15655
12330,11797,14628
11625,11502,15881
11995,11937,15218
11853,12217,15147
12030,12374,14960
12002,12223,15247
12007,12509,14871
11892,12554,15285
12626,12487,15388
11370,11709,15980
11640,11795,15857
12019,11720,15464
11857,11585,15966
12395,11999,15366
12344,12220,14973
12503,12232,15030
12712,12129,15020
12797,11996,15068
12326,11756,15219
12438,11819,14731
12357,11283,16224
11093,11286,15190
11598,11395,14960
10766,10911,15693
11720,11919,14669
11817,12027,14542
11520,11945,14648
11584,11957,15024
11377,12237,14790
11204,12221,15304
11391,12137,15123
11462,11975,15508
11530,11822,15598
11557,11810,15629
11950,12182,15191
12117,12455,14752
12056,12393,14904
12341,12295,15033
12232,11842,15706
12279,11672,15481
12037,11538,15764
12027,11238,15582
11862,11495,15763
11786,11694,15056
12061,11820,15241
12344,12040,15033
11977,12253,14879
11855,12547,14704
11528,12398,15191
11841,12669,15536
11988,12590,15240
11166,12119,15679
11622,12085,15970
11647,12081,15794
11700,12222,14977
11565,11832,16023
12138,12176,15493
12404,12471,14987
12204,12348,14888
12533,12219,15172
12551,11749,15506
12638,11442,15514
12635,11535,15508
12376,11372,15987
12180,11614,15801
12118,11855,14972
12389,12146,15157
12664,12377,15215
12583,12696,14769
11897,12518,15985
11706,12567,15136
11498,12474,15963
11968,12661,15410
11013,12301,15616
11401,12565,15346
11370,12353,15136
11188,12256,15049
11392,12005,15669
11680,12293,14784
11931,12380,14875
12005,12343,14966
11730,11871,15216
12379,11898,15592
12240,11706,15767
12149,11565,15675
11849,11660,16392
11613,11738,15460
11536,11882,15407
12255,12417,14995
12012,12481,15145
12206,12732,14867
11974,12831,15013
12055,12883,15016
12071,12809,15461
12476,12788,15632
12398,12361,16312
12535,12341,16725
12174,12512,14755
12105,12205,16513
12622,12529,15799
12343,12723,14759
12735,12907,15620
12955,12865,14970
11963,12865,15765
12630,12525,15988
12289,12495,16364
12124,12385,16095
12258,12538,15954
12120,12356,15212
12838,12518,15644
11878,12930,15497
13367,13141,15120
12386,13370,14876
12442,13315,15766
13281,13382,15295
11243,13394,15384
12364,13484,16136
12301,13285,16224
12097,13542,16698
12099,13305,15671
12063,13267,15940
12394,13269,15422
12715,13420,15172
12531,13048,15085
12798,13016,15382
12455,12838,15477
12234,12357,15961
12196,12212,15816
11809,12016,16578
11731,12073,15443
12188,12205,15191
11653,12129,15568
11673,12721,14966
12510,12926,15164
11877,12815,14768
11234,12754,14978
11636,12880,14837
11226,12619,15102
11237,12457,15011
10655,11895,15595
10581,12078,14904
10822,11868,15441
11315,12038,15190
11520,12358,14687
11583,12482,14762
11576,12364,14710
11398,12033,15199
11464,12077,14960
11618,11982,15600
11446,11764,15537
10861,11807,15346
10916,11678,15486
11241,11663,15577
11775,12148,14780
11973,12517,14724
11858,12582,14534
11992,12713,14819
11907,12562,15156
11837,12529,15433
11798,12542,15548
11435,12266,15727
10982,12155,15557
11216,12282,15261
11503,12020,16132
11732,12291,15540
11869,12647,15029
11981,12682,14890
12143,12675,14974
12090,12419,15340
12021,12265,15381
11940,12115,15631
12031,12176,15593
11383,12037,16292
11441,12105,15516
11540,11837,16113
11996,12357,15506
12133,12823,14839
11993,12972,14785
12084,13055,15046
12005,12956,15606
11954,13011,15223
12066,12923,15689
11942,12608,16108
11973,12537,16708
12349,13114,14698
12154,12865,15383
12413,12494,16009
12107,12381,15932
12491,12789,15388
12621,12735,15794
12494,12688,15415
12111,12373,15874
12055,12210,15589
12788,12237,15974
12569,12104,16024
12328,12394,15394
12762,12486,15505
13171,12653,15289
14817,12837,16584
13044,12766,15129
12488,12687,15067
12794,12634,16247
14096,12795,16187
12689,12776,15469
