12647,12884,15770
12656,12865,15706
12675,12856,15732
12654,12913,15732
12652,12862,15764
12654,12850,15744
12660,12885,15776
12636,12930,15771
12649,12904,15723
12658,12819,15693
12613,12865,15693
12635,12913,15756
12667,12897,15800
12682,12887,15795
12733,12894,15787
12731,12834,15718
12710,12836,15621
12687,12831,15619
12627,12898,15756
12684,12994,15913
12777,12927,15960
12926,12787,15736
12904,12817,15634
12743,12746,15641
12667,12782,15766
12602,12890,15720
12583,12919,15738
12661,12938,15793
12873,12836,15795
12839,12763,15705
12889,12753,15714
12785,12811,15726
12684,12854,15734
12652,12858,15755
12678,12861,15745
12735,12795,15718
12796,12792,15753
12784,12835,15781
12697,12869,15706
12691,12823,15722
12734,12829,15723
12759,12825,15761
12762,12830,15766
12788,12882,15733
12699,12831,15750
12635,12808,15765
12688,12845,15705
12698,12844,15693
12766,12834,15765
12831,12819,15748
12826,12795,15752
12754,12856,15769
12768,12849,15676
12800,12832,15718
12803,12814,15804
12850,12818,15762
12846,12829,15712
12808,12847,15756
12783,12888,15762
12789,12925,15794
12779,12813,15737
12865,12773,15712
12976,12759,15751
12987,12774,15748
12879,12860,15773
12840,12884,15791
12833,12898,15739
12839,12841,15752
12845,12816,15694
12894,12823,15807
12866,12878,15805
12870,12840,15723
12886,12847,15706
12855,12830,15713
12831,12856,15717
12852,12850,15726
12890,12853,15793
12916,12830,15790
12895,12868,15753
12869,12880,15727
12841,12878,15733
12849,12864,15776
12880,12896,15793
12912,12864,15718
12885,12882,15686
12872,12848,15751
12887,12870,15839
12841,12895,15763
12851,12880,15715
12861,12881,15740
12846,12901,15772
12894,12871,15764
12913,12840,15751
12881,12884,15763
12852,12908,15763
12868,12888,15749
12889,12899,15745
12929,12886,15744
12925,12883,15751
12921,12842,15769
12918,12858,15741
12835,12935,15732
12830,12966,15784
12762,12935,15778
12871,12910,15751
13001,12848,15760
12899,12922,15719
12824,12954,15734
12806,12966,15778
12791,13005,15786
12757,12939,15760
12850,12873,15721
12891,12904,15733
12848,12949,15781
12852,12955,15799
12885,12911,15742
12845,12951,15736
12794,12962,15775
12841,12961,15802
12911,12892,15734
12820,12932,15700
12764,12987,15767
12871,12924,15808
12870,12924,15721
12820,12920,15719
12810,12935,15790
12837,12946,15766
12837,12926,15703
12810,12926,15745
12855,12957,15787
12841,12879,15775
12781,12904,15797
12816,13039,15789
12778,13004,15697
12715,13018,15707
12793,12930,15818
12717,13017,15738
12692,12922,15734
12694,12924,15768
12919,12883,15760
12782,12932,15716
12716,13022,15776
12698,13011,15747
12755,12913,15717
12807,12934,15786
12767,12978,15776
12775,12971,15744
12809,12915,15748
12796,12918,15727
12734,12976,15785
12756,12947,15776
12779,12933,15737
12774,12959,15757
12789,12947,15758
12784,12945,15721
12674,12992,15790
12841,12929,15766
12974,12846,15691
12921,12879,15742
12847,12917,15772
12879,12935,15778
12891,12912,15747
12889,12914,15739
12860,12914,15774
12834,12917,15757
12885,12951,15726
12876,12940,15776
12878,12932,15773
12897,12929,15739
12879,12953,15779
12907,12939,15741
12906,12971,15768
12904,12910,15749
12875,12934,15747
12916,12925,15767
12910,12926,15741
12899,12927,15746
12920,12948,15773
12916,12960,15768
12896,12932,15754
12882,12943,15736
12902,12930,15760
12956,12923,15761
12908,12946,15757
12924,12949,15749
12916,12933,15756
12894,12949,15783
12910,12909,15754
12887,12923,15724
12952,12918,15741
12965,12941,15773
12954,12940,15765
12919,12905,15731
12912,12916,15751
12938,12925,15764
12930,12919,15759
12921,12917,15730
12944,12915,15777
12913,12913,15763
12926,12919,15733
12930,12913,15744
12945,12928,15757
12936,12920,15757
12888,12904,15761
12845,12932,15743
12844,12948,15782
12855,12953,15777
12891,12940,15764
12891,12929,15763
12856,12928,15766
12877,12935,15760
12899,12943,15763
12857,12935,15746
12865,12940,15748
12880,12913,15757
12871,12929,15747
12875,12926,15788
12919,12915,15733
12866,12934,15751
12891,12947,15774
12909,12925,15740
12892,12936,15760
12900,12942,15759
12885,12926,15770
12880,12908,15750
12890,12931,15774
12915,12910,15744
12918,12921,15733
12918,12936,15759
12912,12953,15782
12911,12910,15739
12892,12902,15727
12901,12927,15771
12905,12931,15759
12924,12923,15720
12920,12942,15777
12913,12926,15760
12877,12951,15731
12920,12914,15791
12883,12924,15739
12844,12969,15771
12902,12957,15758
12876,12916,15722
12875,12938,15761
12907,12946,15757
12883,12946,15743
12862,12941,15740
12868,12946,15780
12873,12941,15771
12862,12943,15732
12911,12911,15758
12894,12934,15749
12875,12929,15751
12884,12945,15783
12890,12919,15732
12884,12923,15734
12907,12933,15763
12888,12937,15771
12881,12946,15777
12860,12930,15774
12871,12943,15750
12935,12910,15733
12958,12869,15709
12997,12870,15729
12910,12914,15766
12883,12886,15748
12949,12912,15745
12928,12935,15796
12891,12939,15755
12930,12918,15735
12911,12926,15756
12905,12915,15753
12930,12915,15732
12898,12933,15829
12915,12937,15754
12934,12948,15733
12936,12909,15744
12887,12951,15779
12902,12937,15753
12938,12891,15720
12897,12948,15792
12906,12952,15785
12941,12920,15717
12972,12935,15761
12955,12932,15778
12902,12927,15761
12906,12919,15749
12939,12904,15760
12933,12950,15768
12995,12934,15718
13055,12877,15720
12970,12929,15759
12865,12953,15744
12886,12934,15777
12904,12925,15793
12907,12978,15754
12916,12932,15738
12950,12930,15771
12948,12922,15756
12921,12918,15749
12979,12960,15797
12936,12944,15717
12982,12891,15722
12957,12920,15770
12959,12923,15740
12916,12953,15768
12926,12906,15755
12962,12925,15737
12996,12934,15751
12959,12955,15765
12939,12928,15748
12941,12962,15780
12925,12951,15775
12948,12914,15731
12988,12909,15764
12978,12957,15739
12917,12952,15755
12950,12934,15773
12921,12928,15757
12926,12937,15736
12948,12939,15771
12972,12948,15747
12941,12928,15750
12964,12937,15773
12929,12956,15755
12929,12944,15760
12931,12923,15748
12954,12933,15736
12944,12967,15769
12976,12935,15768
12926,12969,15749
12958,12993,15720
13008,12896,15755
12956,12902,15745
12908,12944,15758
12948,12937,15765
12974,12926,15746
12967,12930,15752
12966,12950,15767
12974,12949,15760
12980,12953,15751
12961,12943,15770
12956,12936,15782
12946,12944,15753
12931,12962,15746
12973,12928,15739
12961,12949,15766
12894,12975,15770
12898,12972,15742
12953,12980,15758
12911,12995,15789
12945,12954,15768
12960,12956,15751
12931,12934,15755
12963,12981,15789
12981,12952,15715
12984,12915,15719
13017,12950,15784
12941,12973,15755
12976,12953,15744
12987,12965,15763
12956,12969,15774
12955,12949,15750
12959,12977,15776
12979,12954,15754
12981,12962,15763
12921,12994,15798
12935,12964,15762
12968,12957,15738
13011,12932,15722
13034,12942,15765
12962,12949,15763
12998,12978,15736
13016,12952,15760
12966,12979,15750
12965,12988,15787
12967,12956,15763
12982,12944,15726
12954,12977,15768
12955,13002,15775
12921,13015,15749
12901,13014,15794
12883,13041,15768
12964,12958,15687
12786,13117,15806
12935,13139,15731
12888,13062,15951
12476,12830,15848
13007,12793,15599
13403,12909,15511
13471,12864,15944
12789,13141,15784
12811,13037,15713
12772,12955,15808
12918,13126,15767
12853,12901,15737
12883,12881,15749
12907,13001,15712
12890,12999,15782
12810,12963,15799
12944,13114,15771
12703,13215,15847
12683,12941,15646
13100,12759,15673
12994,12948,15746
12847,12931,15745
12804,12967,15714
12831,13013,15779
12801,13017,15870
12666,12956,15884
12744,13005,15609
12849,12960,15670
13041,12941,15821
12902,12867,15766
12610,13083,15688
12790,13011,15753
13045,12933,15743
12913,12880,15629
12846,12965,15842
12725,13018,15859
12807,12975,15712
12852,12986,15786
12788,13009,15768
12778,13021,15750
12880,12983,15767
12853,12946,15750
12836,12952,15743
12840,13003,15755
12818,13022,15845
12885,13000,15808
12868,12856,15646
12721,12940,15812
12735,13125,15789
12842,13015,15733
12907,12956,15684
12982,12912,15698
12892,12979,15767
12900,13089,15832
12713,13018,15771
12629,13042,15754
12718,12992,15829
12905,13000,15821
12854,12979,15635
12907,12954,15746
12862,13002,15810
12808,13001,15726
12818,12972,15758
12879,12966,15757
12922,12980,15738
12891,13005,15761
12916,12967,15776
12904,13023,15742
12853,12984,15792
12894,13017,15782
12858,12932,15742
12902,12907,15714
12842,13010,15789
12825,12994,15788
12873,12997,15797
12879,12945,15703
12876,13016,15789
12742,13040,15871
12998,12970,15713
12986,12907,15651
12993,12810,15695
13024,12910,15852
12901,13017,15871
12615,13047,15726
12769,12907,15669
13032,12968,15695
13084,12935,15871
12939,12985,15813
12848,12990,15745
12504,12856,15598
12779,13010,15684
12979,12843,15848
12904,12887,15742
12767,12994,15669
12773,13049,15874
12853,12910,15771
12861,12893,15689
12893,12866,15780
12845,12963,15760
12776,13015,15766
12761,12956,15734
12777,12979,15819
12773,12991,15721
12813,12963,15756
12928,12916,15693
12919,12940,15713
12846,12940,15785
12840,12953,15787
12793,12983,15816
12742,12957,15782
12733,13043,15808
12756,13160,15791
13054,12811,15565
13116,12768,15698
12884,12930,15776
12690,13154,15872
12469,13222,15753
12435,13061,15743
12679,12981,15825
12746,13041,15718
12824,13034,15748
12969,12975,15770
12975,12909,15642
12823,12924,15728
12754,13016,15826
12705,13062,15756
12740,13001,15729
12791,13016,15792
12798,13076,15818
12827,13032,15731
12838,12939,15713
12763,13018,15765
12755,13045,15789
12759,13038,15742
12733,13027,15757
12762,13022,15775
12789,12998,15753
12765,13038,15760
12782,13027,15753
12767,13013,15753
12761,13060,15739
12757,13016,15781
12771,13034,15773
12695,13019,15740
12736,13030,15744
12767,13076,15772
12770,13049,15769
12703,13013,15733
12740,13025,15748
12763,13046,15786
12803,13015,15727
12766,13033,15762
12699,13039,15729
12788,13003,15784
12781,13031,15743
12742,13055,15737
12743,13047,15768
12730,13056,15774
12746,13006,15753
12733,13037,15754
12794,13052,15772
12790,12999,15746
12750,13006,15731
12788,13032,15771
12761,13020,15777
12729,13034,15740
12818,13036,15790
12790,13105,15902
12785,13117,15808
12873,13101,15583
12888,12783,15305
12974,12939,16034
12759,13088,15990
12487,13204,15712
12391,13246,15663
12561,12992,15784
12745,12994,15750
12707,13054,15697
12636,13098,15793
12637,13161,15796
12615,13046,15751
12681,13097,15717
12729,13045,15778
12689,12991,15740
12719,13015,15727
12728,13046,15736
12713,13081,15776
12647,13111,15780
12561,13080,15763
12581,13091,15770
12730,12974,15737
12708,13026,15750
12738,13000,15673
12769,13102,15805
12652,13083,15802
12575,13097,15705
12668,13050,15767
12713,13045,15773
12717,13021,15756
12732,13036,15740
12691,13042,15768
12677,13052,15747
12703,13051,15741
12690,13047,15774
12717,13056,15780
12759,12991,15753
12715,13078,15766
12730,13064,15763
12728,13057,15779
12685,13058,15754
12738,12998,15729
12851,12965,15764
12836,12994,15733
12749,13039,15764
12765,13038,15781
12802,12998,15752
12794,13001,15766
12750,12997,15775
12782,13020,15748
12831,13003,15750
12822,12994,15766
12796,13027,15762
12762,12991,15744
12800,13022,15777
12842,12974,15765
12807,13001,15747
12812,13018,15721
12821,12996,15776
12783,12991,15772
12781,13002,15762
12746,12958,15836
12868,12987,15704
12923,12988,15747
12843,13009,15779
12782,13064,15739
12763,12996,15766
12901,12942,15787
12883,12955,15770
12869,12970,15710
12864,12999,15788
12781,13040,15791
12929,12973,15711
12877,12891,15790
12894,13025,15734
12985,12939,15802
12861,12968,15759
12944,12953,15705
12947,12984,15787
12953,12952,15748
12902,12973,15727
12930,12955,15782
12891,12949,15766
12875,12999,15809
12912,12977,15742
12914,12950,15740
12928,12984,15761
12930,12956,15767
12874,12970,15777
12857,12955,15776
12890,13006,15766
12879,12906,15723
12879,12885,15690
12908,13030,15830
12887,13000,15791
12922,12990,15751
12938,12963,15768
12909,12966,15760
12895,12965,15751
12892,12978,15747
12859,13001,15767
12937,12961,15743
12959,12970,15771
12868,12996,15771
12836,12952,15754
12924,12948,15748
12940,12953,15767
12857,13003,15754
12917,12978,15786
12921,12925,15745
12891,12984,15745
12912,12966,15789
12875,12976,15752
12872,12974,15761
12912,12988,15781
12890,12965,15756
12870,12985,15751
12898,12998,15788
12880,12955,15770
12897,12964,15757
12859,12922,15737
12874,12971,15719
12985,12974,15771
13033,12895,15702
12858,12916,15779
12759,12987,15818
12761,13059,15733
12863,13043,15802
12837,13032,15739
12938,12914,15705
12824,12999,15813
12790,12973,15793
12817,13003,15745
12916,12927,15746
12833,12977,15764
12881,12956,15738
12940,12977,15774
12952,12947,15777
12932,12862,15729
12932,13002,15736
12967,12997,15829
12826,12981,15733
12968,12966,15709
12871,12901,15833
12896,12941,15743
13086,12940,15727
12895,12907,15754
12951,13001,15757
12894,12969,15798
12821,12927,15739
12950,12959,15741
12934,13053,15819
12878,12903,15768
12871,12968,15692
12879,12951,15795
12712,13045,15791
12940,12976,15703
12941,12944,15770
12871,12950,15794
12855,12964,15743
12906,13050,15830
12872,13055,15900
12750,12883,15603
12921,12777,15571
13213,12837,15843
13027,12979,15803
12915,12975,15763
13154,12944,15697
13201,12800,15697
12943,12920,15810
12972,12906,15773
12942,12932,15702
12902,12913,15742
12966,12950,15779
12852,12953,15715
12837,12969,15771
12835,12990,15793
12839,12984,15741
12886,12967,15742
12902,12954,15750
12855,12984,15787
12823,12939,15740
12849,12975,15750
12823,12985,15796
12827,12999,15744
12866,12999,15758
12820,12978,15735
12841,13000,15799
12825,12977,15752
12822,13001,15720
12902,12980,15758
12813,12974,15779
12836,13020,15760
12860,12996,15786
12859,12986,15761
12854,12982,15747
12848,12994,15776
12813,13006,15771
12814,12992,15745
12865,12966,15754
12865,13008,15772
12820,13004,15754
12829,13005,15770
12841,12981,15751
12848,12988,15759
12839,13004,15746
12836,13003,15779
12829,12991,15757
12836,13007,15752
12851,12996,15771
12822,12998,15754
12815,12976,15743
12828,12988,15775
12931,13020,15732
12902,12944,15763
12702,12970,15778
12796,13094,15756
12810,13033,15774
12662,13042,15741
12875,12952,15730
12906,13008,15886
12826,13085,15799
12708,12952,15620
12879,12807,15702
12870,13087,15785
12744,13100,15778
12642,12919,15748
12839,12961,15722
12888,13023,15739
12824,12993,15799
12767,12976,15770
12758,12998,15755
12881,12952,15767
12862,12972,15734
12837,12976,15768
12799,12928,15788
12887,12981,15686
12873,13036,15751
12772,13036,15844
12754,13003,15759
12807,12875,15728
12943,12891,15831
12954,12916,15689
12834,13017,15688
12961,13000,15739
12625,13077,15838
12529,13038,15725
12778,12965,15790
12821,12914,15741
12873,12914,15725
12901,12883,15798
12799,12982,15728
12748,13120,15761
12711,12902,15818
12791,12991,15703
12715,13010,15712
12670,13093,15809
12752,12968,15742
12712,12970,15694
12851,12996,15744
12767,12961,15777
12758,12949,15785
12736,12990,15728
12776,13005,15719
12783,13000,15750
12791,13002,15751
12664,13055,15796
12680,12959,15752
12836,12910,15717
12847,12967,15790
12784,12983,15748
12778,13076,15825
12731,12990,15756
12706,12978,15739
12767,12956,15756
12820,12968,15770
12808,12914,15715
12782,12921,15750
12834,13001,15716
12805,12962,15772
12790,12990,15722
12851,12988,15733
12871,12945,15775
12755,12985,15774
12782,12970,15770
12873,12970,15769
12850,12955,15731
12852,12945,15756
12870,12974,15761
12826,12988,15772
12832,12986,15719
12815,12920,15720
12870,12884,15751
12858,13080,15810
12673,13118,15807
12622,13067,15776
12771,13033,15738
12824,12989,15775
12798,13039,15762
12754,12982,15754
12800,12934,15730
12849,12993,15754
12799,13015,15787
12801,12995,15752
12817,12959,15724
12857,12986,15756
12842,12992,15769
12811,13007,15763
12782,13019,15779
12809,12986,15741
12804,12967,15740
12833,12989,15719
12817,12996,15728
12760,13026,15819
12720,13027,15817
12751,13032,15743
12792,13039,15756
12832,13013,15761
12818,13025,15759
12827,13038,15765
12782,13031,15775
12736,12989,15764
12718,13015,15748
12758,13014,15784
12809,13024,15743
12853,13010,15748
12842,13024,15760
12806,13054,15766
12820,13004,15760
12775,13011,15790
12719,13011,15733
12693,13011,15775
12795,13018,15743
12843,13012,15751
12807,13023,15779
12737,13031,15763
12755,12985,15759
12802,13007,15756
12813,13017,15756
12791,12988,15751
12788,13002,15768
12751,13029,15785
12793,13001,15748
12766,13008,15748
12811,13020,15767
12806,13011,15759
12770,12997,15760
12785,13021,15771
12788,13017,15758
12795,13013,15756
12783,13015,15761
12784,13009,15770
12779,12996,15745
12800,13006,15762
12801,13020,15787
12793,13013,15742
12793,12991,15745
12799,13012,15763
12775,13029,15767
12818,12994,15740
12809,13026,15781
12771,13008,15759
12794,13001,15754
12807,12996,15774
12785,13023,15753
12805,13002,15755
12804,13017,15767
12777,12991,15760
12799,13016,15768
12799,13015,15764
12800,13008,15742
12798,13006,15771
12796,13019,15758
12797,13009,15765
12806,13018,15759
12785,12997,15764
12801,13005,15751
12812,13018,15763
12804,13008,15764
12801,13004,15754
12799,13011,15763
12792,13006,15759
12799,13010,15762
12812,12999,15750
12806,13004,15765
12803,13026,15772
12807,13006,15750
12793,13008,15762
12812,13004,15764
12797,13013,15768
12809,13014,15758
12799,13007,15772
12796,12996,15746
12812,13010,15769
12809,13022,15761
12811,13014,15762
12806,12998,15755
12802,13002,15767
12800,13015,15766
12824,12994,15765
12817,13017,15766
12804,13014,15750
12813,12999,15770
12818,12999,15757
12818,13014,15779
12820,12996,15745
12793,13006,15760
12826,13008,15764
12789,13002,15762
12827,13010,15768
12834,13036,15756
12807,12997,15759
12805,12984,15753
12804,13011,15771
12822,13020,15761
12827,13008,15743
12829,12992,15767
12793,13011,15760
12805,13000,15753
12844,12996,15759
12833,13019,15746
12795,13008,15777
12827,13015,15762
12820,13006,15760
12807,13057,15758
12799,13028,15764
12760,13007,15780
12867,12946,15713
12861,12973,15791
12791,13062,15760
12817,13023,15752
12813,13023,15763
12777,13012,15749
12803,12974,15748
12824,12989,15752
12833,13023,15765
12825,13016,15770
12784,12997,15749
12808,13013,15761
12803,12991,15762
12815,13002,15738
12839,13007,15783
12807,13014,15758
12780,13001,15765
12824,13002,15761
12806,13005,15757
12833,13024,15764
12801,13010,15764
12790,13005,15759
12818,12995,15764
12805,13003,15764
12823,13010,15764
12823,13004,15762
12805,13013,15768
12803,12990,15765
12815,13005,15757
12813,13016,15766
12830,12996,15748
12809,13008,15755
12810,13009,15776
12812,12988,15759
12794,13017,15760
12837,13007,15769
12813,13019,15757
12814,13013,15761
12797,12993,15779
12830,13001,15753
12811,13020,15770
12827,13014,15761
12809,12999,15749
12808,13003,15768
12814,13003,15776
12810,13004,15750
12817,13003,15780
12817,13004,15770
12803,13000,15745
12824,13014,15778
12810,13009,15748
12805,13000,15757
12828,13005,15766
12815,13021,15765
12808,12997,15753
12819,13009,15771
12799,13004,15770
12821,12998,15748
12836,13008,15766
12801,13001,15766
12823,12999,15748
12813,12985,15762
12797,13025,15753
12831,13002,15763
12831,12993,15764
12792,13001,15761
12822,13023,15772
12820,13002,15754
12796,13002,15763
12835,13003,15766
12800,13022,15766
12816,13000,15755
12825,13007,15774
12803,13000,15751
12809,13002,15766
12826,13008,15767
12816,13003,15762
12813,13005,15761
12831,13018,15789
12803,13009,15770
12759,13019,15746
12874,12979,15779
12828,12985,15722
12800,13006,15791
12794,12997,15756
12843,13020,15751
12794,12989,15742
12865,12952,15722
12837,13005,15789
12749,13023,15767
12798,13003,15750
12817,13013,15792
12771,13024,15744
12808,12991,15762
12852,12956,15738
12788,13021,15750
12800,12991,15775
12817,12986,15742
12810,13004,15757
12800,13011,15779
12801,13008,15752
12803,12997,15763
12792,13019,15757
12809,13003,15762
12813,13004,15744
12825,13004,15774
12780,12995,15750
12798,12999,15751
12821,13005,15768
12784,13018,15749
12829,12978,15755
12808,13010,15764
12791,13007,15766
12816,12998,15761
12817,12988,15756
12828,13010,15758
12813,13000,15775
12797,12992,15746
12823,12996,15764
12830,13003,15775
12816,13002,15748
12809,12996,15764
12805,13006,15776
12810,12985,15749
12834,12992,15754
12822,12998,15768
12800,12990,15758
12832,12997,15765
12813,12997,15755
12811,13012,15770
12831,12989,15759
12811,13007,15750
12824,13000,15780
12801,12989,15760
12820,12993,15760
12820,13016,15774
12819,12992,15758
12808,13007,15778
12806,12995,15768
12814,13000,15760
12822,12999,15764
12808,13014,15757
12843,12983,15769
12796,13017,15753
12809,13008,15765
12824,13009,15769
12815,13001,15753
12835,12997,15760
12796,12998,15768
12817,12988,15745
12846,13014,15766
12801,12991,15759
12811,13003,15759
12837,12999,15760
12807,13010,15745
12830,12994,15773
12799,13007,15748
12811,12988,15764
12837,13001,15761
12791,13011,15768
12815,13003,15751
12828,12986,15764
12800,13000,15770
12805,13007,15756
12837,13010,15772
12800,12999,15758
12818,13014,15767
12809,13002,15760
12798,12993,15756
12814,13001,15757
12832,13017,15765
12788,13005,15741
12805,13007,15766
12787,13002,15762
12813,13000,15752
12794,13030,15778
12807,13008,15757
12794,13006,15767
12786,13016,15781
12796,13012,15777
12801,13040,15755
12836,12994,15763
12838,12954,15722
12871,12969,15755
12798,13038,15788
12796,13005,15754
12802,12976,15733
12773,13070,15840
12836,12968,15717
12864,12981,15733
12814,13024,15806
12762,13018,15784
12811,12967,15731
12867,12979,15757
12842,13011,15776
12851,13002,15749
12822,13034,15780
12790,12975,15776
12812,12969,15741
12869,12995,15773
12875,12980,15760
12849,12939,15739
12830,13004,15777
12867,13036,15757
12851,13012,15757
12825,12977,15782
12861,12978,15752
12830,13010,15788
12864,12968,15740
12841,12993,15748
12825,13027,15811
12836,13001,15762
12786,12999,15752
12801,13015,15744
12844,12995,15778
12807,12982,15733
12845,13013,15777
12815,13022,15752
12765,13044,15744
12794,13016,15778
12806,13004,15758
12812,13024,15759
12797,13044,15756
12765,12992,15977
12864,12906,15785
12759,13002,15657
12752,13016,15795
12766,12955,15691
12883,12981,15878
12716,13097,15859
12503,12942,15579
12567,13038,15673
12766,12957,15869
12653,13012,15726
12640,13012,15784
12670,12931,15877
12686,12901,15690
12641,12732,15696
12736,12886,15764
12667,12974,15646
12703,12964,15888
12712,12811,15848
12471,13044,15678
12463,13122,15679
12474,13158,15694
